0 main started;
iw=9,ih=9,Nx=9,Hx=1,Mx=17
in main 1,upn(2,4)=0.00441357
binomials...binomials finite differences...frequencies...atomic...
finish 
in main 2,upn(2,4)=0.00441357
0,0,0.000586419,0.0676852,0.431749,0.431787,0.0676852,0.000586419,0,0,0,0,0,0,0,0,0,
0,0,0,0.000586419,0.0676852,0.431749,0.431787,0.0676852,0.000586419,0,0,0,0,0,0,0,0,
0,0,0,0,0.000586419,0.0676852,0.431749,0.431787,0.0676852,0.000586419,0,0,0,0,0,0,0,
0,0,0,0,0,0.000586419,0.0676852,0.431749,0.431787,0.0676852,0.000586419,0,0,0,0,0,0,
0,0,0,0,0,0,0.000586419,0.0676852,0.431749,0.431787,0.0676852,0.000586419,0,0,0,0,0,
0,0,0,0,0,0,0,0.000586419,0.0676852,0.431749,0.431787,0.0676852,0.000586419,0,0,0,0,
0,0,0,0,0,0,0,0,0.000586419,0.0676852,0.431749,0.431787,0.0676852,0.000586419,0,0,0,
0,0,0,0,0,0,0,0,0,0.000586419,0.0676852,0.431749,0.431787,0.0676852,0.000586419,0,0,
0,0,0,0,0,0,0,0,0,0,0.000586419,0.0676852,0.431749,0.431787,0.0676852,0.000586419,0,
1,-1.16672,1.29371,-1.37665,1.4127,-1.40065,1.3409,-1.23549,1.088,-0.903466,0.688163,-0.449425,0.195383,0.0653133,-0.323785,0.571231,-0.799224,
1,-1.40311,1.21689,-0.519565,-0.395987,1.14522,-1.41344,1.088,-0.305586,-0.605182,1.26176,-1.38839,0.931871,-0.0839547,-0.799224,1.34672,-1.32857,
1,-1.32857,0.12119,1.2263,-1.15607,-0.250681,1.36762,-0.903466,-0.605182,1.41418,-0.588257,-0.917748,1.36275,-0.232287,-1.16672,1.21689,0.139778,
1,-0.959626,-1.07598,0.874431,1.14522,-0.783754,-1.20728,0.688163,1.26176,-0.588257,-1.30834,0.484664,1.34672,-0.378032,-1.37665,0.26903,1.39795,
1,-5,10,-10,5,-1,0,0,0,0,0,0,0,0,0,0,0,
0,1,-5,10,-10,5,-1,0,0,0,0,0,0,0,0,0,0,
0,0,1,-5,10,-10,5,-1,0,0,0,0,0,0,0,0,0,
0,0,0,1,-5,10,-10,5,-1,0,0,0,0,0,0,0,0,
in main 3,upn(2,4)=0.00441357
 max=10; min=0
in main 4,upn(2,4)=0.00441357
5921 table upsx of coefficients done;
in main 5,upn(2,4)=0.00441357
1,1,1.00023,1.00189,1.00231,1.0005,1.00001,1,1,
1,1.00166,1.03963,1.15924,1.18371,1.06716,1.00454,1.00002,1,
1.00023,1.03963,1.39165,1.776,1.81879,1.51886,1.09138,1.00141,1,
1.00189,1.15924,1.776,1.99107,1.99634,1.89238,1.3199,1.01101,1.00001,
1.00231,1.18371,1.81879,1.99634,1.99936,1.9351,1.38691,1.01586,1.00001,
1.0005,1.06716,1.51886,1.89238,1.9351,1.71061,1.17618,1.00389,1,
1.00001,1.00454,1.09138,1.3199,1.38691,1.17618,1.0188,1.00016,1,
1,1.00002,1.00141,1.01101,1.01586,1.00389,1.00016,1,1,
1,1,1,1.00001,1.00001,1,1,1,1,
0,0,0,0,0,0,0,0,0,
0,0,0,0,0,0,0,0,0,
0,0,0,0,0,0,0,0,0,
0,0,0,0,0,0,0,0,0,
0,0,0,0,0,0,0,0,0,
0,0,0,0,0,0,0,0,0,
0,0,0,0,0,0,0,0,0,
0,0,0,0,0,0,0,0,0,
in main 6,upn(2,4)=0.00441357
5937 table idots of right parts done;
in main 7,upn(2,4)=0.00441357
0.135381,0.618953,0.869778,0.975242,1.00304,1.00116,0.997918,1.00192,1.00207,1.00346,0.995809,1.00915,0.962289,1.19388,0.00206644,0.00433691,-0.0073923,
-0.320211,0.308383,0.714711,0.932539,1.00878,1.00351,0.989939,1.05444,1.29653,1.12264,0.984719,1.00941,0.977203,1.10333,0.479538,0.56937,0.0730424,
1.12,2.26667,2.15479,1.56218,1.02963,0.860908,1.12278,1.64497,2.02021,1.71651,1.37407,0.679579,1.28246,0.887961,0.23787,-0.020644,0.427363,
4.00548,5.45604,4.25631,2.35021,0.988592,0.729276,1.43703,2.28358,1.74761,2.24324,1.7334,0.815669,0.965736,1.85519,-4.0188,-3.75872,-0.554885,
4.13404,5.63583,4.37024,2.38059,0.97582,0.730522,1.48491,2.34485,1.68183,2.30174,1.76142,0.961728,0.784888,2.12653,-4.73927,-4.11952,-0.76527,
2.23073,3.40273,2.89689,1.85032,1.02478,0.806687,1.20711,1.86179,2.03112,1.89695,1.65532,0.553847,1.36248,0.939464,-0.469854,-0.940551,0.533124,
-0.55836,0.216804,0.70269,0.94648,1.015,0.994743,0.991835,1.13207,1.56087,1.3129,1.00949,0.983331,1.004,1.074,0.521067,0.628779,-0.0146108,
0.075578,0.577081,0.84749,0.967966,1.00336,1.0022,0.996719,1.00283,1.02013,1.01845,0.984029,1.02077,0.950185,1.20884,-0.0277032,0.00682225,-0.0462611,
0.145952,0.627344,0.874579,0.976902,1.00298,1.00091,0.998197,1.00178,0.998023,1.00203,0.996868,1.00816,0.96305,1.19431,-0.00445635,-0.00550445,-0.00708859,
in main 8,upn(2,4)=0.00441357
7984 table DDDY done;
in main 9,upn(2,4)=0.00441357
4.82219,6.33774,5.25041,2.95957,0.644501,-0.735553,-0.441422,2.04601,7.02578,1.72689,3.25426,-5.92286,7.07271,-9.70551,24.7377,13.0106,12.6656,
6.33774,9.44091,7.82553,4.33861,1.11227,-0.436279,0.395295,3.59442,8.43361,3.45512,3.87336,-5.0009,6.93862,-7.91828,20.3991,10.4163,11.1316,
5.25041,7.82553,6.48084,3.6749,1.18488,0.106531,0.854236,3.16097,6.0783,3.06316,3.10936,-2.72296,4.83925,-4.21739,11.6058,5.44788,6.81138,
2.95957,4.33861,3.6749,2.28673,1.09714,0.633958,1.02977,2.02193,2.95258,1.93751,1.95073,-0.457928,2.50501,-0.758043,3.71975,1.28995,2.54139,
0.644501,1.11227,1.18488,1.09714,1.0044,0.982522,1.02792,1.05753,0.90881,1.01681,1.0585,0.97537,0.986291,1.24653,-0.405384,-0.485992,-0.0352864,
-0.735553,-0.436279,0.106531,0.633958,0.982522,1.08419,0.966359,0.751881,0.659042,0.791811,0.766243,1.3081,0.653391,1.52509,-0.424591,0.0782696,-0.468742,
-0.441422,0.395295,0.854236,1.02977,1.02792,0.966359,0.974419,1.19308,1.77497,1.30541,1.08008,0.821441,1.19656,0.748358,1.49869,1.3277,0.497694,
2.04601,3.59442,3.16097,2.02193,1.05753,0.751881,1.19308,2.07313,2.68797,2.15264,1.67868,0.346593,1.626,0.529063,0.692535,-0.00598638,0.927467,
7.02578,8.43361,6.0783,2.95258,0.90881,0.659042,1.77497,2.68797,0.689063,2.48064,1.91326,1.26477,0.271843,3.4219,-10.0235,-8.80433,-2.3092,
1.72689,3.45512,3.06316,1.93751,1.01681,0.791811,1.30541,2.15264,2.48064,2.26016,1.59273,0.940978,0.940412,1.44484,-1.36066,-0.651837,0.107627,
3.25426,3.87336,3.10936,1.95073,1.0585,0.766243,1.08008,1.67868,1.91326,1.59273,1.97289,-0.236364,2.23002,-0.183136,1.89573,-0.573194,1.82394,
-5.92286,-5.0009,-2.72296,-0.457928,0.97537,1.3081,0.821441,0.346593,1.26477,0.940978,-0.236364,2.42395,-0.400203,2.40348,-0.330706,2.75754,-2.16036,
7.07271,6.93862,4.83925,2.50501,0.986291,0.653391,1.19656,1.626,0.271843,0.940412,2.23002,-0.400203,2.21699,0.217686,-0.886533,-3.99387,1.84765,
-9.70551,-7.91828,-4.21739,-0.758043,1.24653,1.52509,0.748358,0.529063,3.4219,1.44484,-0.183136,2.40348,0.217686,1.26076,5.73506,8.85944,-0.456348,
24.7377,20.3991,11.6058,3.71975,-0.405384,-0.424591,1.49869,0.692535,-10.0235,-1.36066,1.89573,-0.330706,-0.886533,5.73506,-30.3912,-33.6188,-6.7293,
13.0106,10.4163,5.44788,1.28995,-0.485992,0.0782696,1.3277,-0.00598638,-8.80433,-0.651837,-0.573194,2.75754,-3.99387,8.85944,-33.6188,-29.594,-12.1669,
12.6656,11.1316,6.81138,2.54139,-0.0352864,-0.468742,0.497694,0.927467,-2.3092,0.107627,1.82394,-2.16036,1.84765,-0.456348,-6.7293,-12.1669,0.370418,
in main 10,upn(2,4)=0.00441357
7984 table DDDX done;
in showf1 ,upn(2,4)=0.00441357
1.0516,0.967221,1.03662,1.18298,1.25296,1.19915,1.09332,0.934324,1.06051,
0.967221,1.01541,0.979421,0.93872,0.948158,0.944147,0.957483,1.0236,0.99152,
1.03662,0.979421,1.06359,1.32218,1.55894,1.39758,1.12829,0.963591,1.03727,
1.18298,0.93872,1.32218,1.86947,2.05407,1.95284,1.49397,0.969538,1.10167,
1.25296,0.948158,1.55894,2.05407,1.85522,2.05755,1.74274,1.11459,1.08366,
1.19915,0.944147,1.39758,1.95284,2.05755,2.03294,1.61942,1.03592,1.08421,
1.09332,0.957483,1.12829,1.49397,1.74274,1.61942,1.29522,0.918701,1.09165,
0.934324,1.0236,0.963591,0.969538,1.11459,1.03592,0.918701,1.05349,0.955301,
1.06051,0.99152,1.03727,1.10167,1.08366,1.08421,1.09165,0.955301,1.07836,
8031 table f1 done;
in main 11,upn(2,4)=0.00441357
8093 main ended, work TIME = 8093
